# R script for Peak Model
#  -- generated by MACS
p <- c(0.04786815944108427,0.05580985147587704,0.06382006006940136,0.07173372260289486,0.07966295708155462,0.07973458802931942,0.07972213047318641,0.07966295708155462,0.0796909865828539,0.07966451427607124,0.07963882056654692,0.07968242201301244,0.07971434450060327,0.07975872454432713,0.07978441825385145,0.07976806771142687,0.0798358056729001,0.07981244775515071,0.07973303083480279,0.07972602345947798,0.07971278730608665,0.07964427074735511,0.07959288332830645,0.07955862504894068,0.07957653278588188,0.07962714160767222,0.07952903835312478,0.07948543690665925,0.07941536315341108,0.07940913437534458,0.07938733365211181,0.0794402782656771,0.07944261405745204,0.07949867306005058,0.07947842953133444,0.07944261405745204,0.07951891658876671,0.07958120436943175,0.07961779844057247,0.07958276156394838,0.07955784645168236,0.07966840726236281,0.07959521912008138,0.07949945165730889,0.0794885512956925,0.07942782070954409,0.07939745541646988,0.07938421926307856,0.07940290559727807,0.0794644147806848,0.0794760937395595,0.07931648130160533,0.0793990126109865,0.07948154392036769,0.07947375794778457,0.07945896459987661,0.07937565469323712,0.07940913437534458,0.07935073958097111,0.07923394999222415,0.0792370643812574,0.07926353668804004,0.07911949619525213,0.07905331542829552,0.07906655158168685,0.07900504239828013,0.07907667334604492,0.07907122316523672,0.07912728216783527,0.07924017877029066,0.07924017877029066,0.07920669908818319,0.07918100537865887,0.07920358469914994,0.07917010501704248,0.07915375447461791,0.07918567696220874,0.07915609026639285,0.0791405183212266,0.07909769547201938,0.07910781723637744,0.0790634371926536,0.07905798701184541,0.07908913090217792,0.07904786524748734,0.07908835230491962,0.07915375447461791,0.07904864384474565,0.07895754796552303,0.07889759597663293,0.07891316792179918,0.07894898339568159,0.07895676936826472,0.07882207204257656,0.07884698715484258,0.07889681737937461,0.07876757023449465,0.07880338570837706,0.07888903140679149,0.07893574724229026,0.07887968823969173,0.07874576951126189,0.07879014955498573,0.07875121969207008,0.07870917544012118,0.0786928248976966,0.07871384702367105,0.07872630457980406,0.07869126770317998,0.07861730096364024,0.07851530472280123,0.0785970574349241,0.07860484340750723,0.07870839684286286,0.07874966249755345,0.07868737471688841,0.07865623082655589,0.07867258136898046,0.07867647435527203,0.07874109792771201,0.07878314217966091,0.07883920118225946,0.07883452959870957,0.0787823635824026,0.0788119502782185,0.07883219380693464,0.07875666987287827,0.07871306842641274,0.0786453304649395,0.07856980653088315,0.0785729209199164,0.0785191977090928,0.07842810182987017,0.0784779320544022,0.07839150775872947,0.07840007232857091,0.07842810182987017,0.07846858888730246,0.07855423458571689,0.07863520870058144,0.07877535620707778,0.07877302041530285,0.07882518643160981,0.07887890964243341,0.07891783950534906,0.07886800928081703,0.07890382475469943,0.07889993176840787,0.0789193966998657,0.07891238932454088,0.07891861810260738,0.07891472511631581,0.07899258484214712,0.07891861810260738,0.07887268086436691,0.07889292439308304,0.07885633032194234,0.07887735244791678,0.0788656734890421,0.0788656734890421,0.07875589127561995,0.07883608679322619,0.07879014955498573,0.07881740045902669,0.07888747421227486,0.07896455534084784,0.07895676936826472,0.07888591701775823,0.07894898339568159,0.07887579525340016,0.07891005353276594,0.07888124543420835,0.07885866611371728,0.07883375100145126,0.07894742620116496,0.07892484688067389,0.07905642981732879,0.07916543343349261,0.07913195375138514,0.07926042229900679,0.07930947392628052,0.0792666510770733,0.079303245148214,0.07929545917563088,0.07924407175658221,0.0793982340137282,0.07939044804114506,0.07938811224937013,0.07944572844648529,0.07934996098371279,0.0793024665509557,0.07932348867693015,0.0794340494876106,0.07948932989295082,0.07946363618342649,0.07937331890146218,0.07936786872065399,0.07946908636423468,0.07941147016711951,0.0795002302545672,0.07950801622715033,0.07959132613378983,0.0795656324242655,0.07964193495558017,0.07966139988703799,0.07960378368992284,0.07957030400781537,0.07948699410117588,0.07962480581589729,0.07957419699410694,0.07953059554764141,0.07940212700001976,0.07940601998631133,0.07942470632051084,0.07946830776697637,0.07959132613378983,0.07955161767361586,0.07958899034201489,0.07953293133941634,0.0796559497062298,0.07976106033610206,0.0798770713275907,0.07982490531128372,0.07972057327866978,0.07963648477477198,0.079584318758465,0.07981634074144228,0.07986383517419939,0.07986149938242444,0.0799121082042148,0.07997517458213814,0.08002967639022006,0.08008807118459353,0.08031152859772936,0.08032632194563731,0.08036213741951971,0.0803372223072537,0.0803138643895043,0.0803372223072537,0.08025546959513083,0.0802601411786807,0.08028427769368841,0.08030218543062961,0.08025469099787251,0.08040573886598525,0.08047114103568354,0.08049761334246618,0.0804991705369828,0.08045868347955053,0.08051863546844062,0.08049527755069123,0.08039483850436886,0.08043999714535101,0.08037148058661947,0.08025780538690577,0.08025001941432264,0.08026091977593902,0.08029673524982142,0.08038471674001078,0.0804034030742103,0.08051162809311581,0.08067513351736154,0.08072496374189357,0.08076000061851767,0.08093752079341303,0.08091182708388871,0.08084408912241547,0.08085498948403184,0.08083786034434896,0.08088379758258943,0.08095075694680436,0.08094297097422122,0.0809593215166458,0.08098968680972,0.0810317310616689,0.08119367929139801,0.08132292643627798,0.08130346150482015,0.0814202510935671,0.08150667538923985,0.08145684516470782,0.08139845037033433,0.08151212557004804,0.08166940221622726,0.08153081190424755,0.08151134697278972,0.08150122520843166,0.08155494841925526,0.08147475290164902,0.08148565326326539,0.08166784502171064,0.08199485587020211,0.08213733916847339,0.08218483360123048,0.08237792572129211,0.08234444603918466,0.08241529838969114,0.08251885182504677,0.08273374466834116,0.08285676303515462,0.0830117038895589,0.08303973339085817,0.0831066927550731,0.08314795840976369,0.08333404315450049,0.08360733079216837,0.08384402435869552,0.08408928249506412,0.08421852963994408,0.08438514945322306,0.08437347049434837,0.08445210881743799,0.08454086890488567,0.08461561424168372,0.08467868061960708,0.08467634482783214,0.0848180495288451,0.08483673586304462,0.08484997201643595,0.08486632255886051,0.08489123767112652,0.08494496088195012,0.08496831879969952,0.08509834454183779,0.08514817476636982,0.0852190271168763,0.08515751793346958,0.08530311562077411,0.08540199747257987,0.08544871330807866,0.0855717316748921,0.08561844751039088,0.08556783868860054,0.08569163565267231,0.08565893456782317,0.08567450651298943,0.08574535886349591,0.08567450651298943,0.08576715958672868,0.08581309682496914,0.08584813370159322,0.08586915582756768,0.0860318826545551,0.08608404867086207,0.08625144708139937,0.08645699675759401,0.08647256870276027,0.08662828815442288,0.08668512575427972,0.08677310724446909,0.08677077145269416,0.08693194108516494,0.0870012362411548,0.08696386357275578,0.08698488569873022,0.08692259791806518,0.08701135800551288,0.08691870493177363,0.0869833285042136,0.08699345026857168,0.0870907749258608,0.08712814759425982,0.08711569003812682,0.08714605533120102,0.08732279690883808,0.08740610681547757,0.08747851636050068,0.08761788526973871,0.08746995179065924,0.08752289640422453,0.08750810305631658,0.08751199604260815,0.08760075613005583,0.0876949663983117,0.08762099965877197,0.0877191029133194,0.08767628006411218,0.0876825088421787,0.08787015078143214,0.08794878910452175,0.08807570045762676,0.0881021727644094,0.08802898462212799,0.08800329091260366,0.08787482236498201,0.08783589250206636,0.08787949394853188,0.08786470060062394,0.0878444570719078,0.08791141643612273,0.08781409177883359,0.0878382282938413,0.08787092937869044,0.08792620978403067,0.08816991072588264,0.0882033904079901,0.08822519113122286,0.08831395121867056,0.08837935338836884,0.0883404235254532,