# R script for Peak Model
#  -- generated by MACS
p <- c(0.047141840332071576,0.05491706231035054,0.06285578710942877,0.07075915994725311,0.07862939032140191,0.07879289314220118,0.07885034007923877,0.07878847414704444,0.07873986520032034,0.0788834825429143,0.07870230374148808,0.07882603560587671,0.07871777022453666,0.0787641696736824,0.07873102721000687,0.07881056912282813,0.07883708309376856,0.07879068364462281,0.07875975067852566,0.0787641696736824,0.07878847414704444,0.0786514852971856,0.07881940711314162,0.07874649369305545,0.07889453003080614,0.07880394063009304,0.07878847414704444,0.07883708309376856,0.07901826189519479,0.07909117531528094,0.07898953842667598,0.07897186244604903,0.0789961669194111,0.07893430098721678,0.07875091268821219,0.0788834825429143,0.07886359706470898,0.0787995216349363,0.0786028763504615,0.07840844056356505,0.07844821151997569,0.07861171434077496,0.07844379252481895,0.07858740986741292,0.07864485680445049,0.07864927579960723,0.07881056912282813,0.0791707172281022,0.07921269768209122,0.07952423684064118,0.07946237090844686,0.07943585693750643,0.0797054156420674,0.07953307483095466,0.07962587372924614,0.07960598825104082,0.07935189602952843,0.07928119210702064,0.07932980105374475,0.07914862225231853,0.07920165019419938,0.07911768928622137,0.0789188345041682,0.0789254629969033,0.07907791832981073,0.07884371158650366,0.07902709988550825,0.07883929259134692,0.07874870319063382,0.07857194338436434,0.07856973388678597,0.07855426740373739,0.07833110814832216,0.0786161333359317,0.07846809699818101,0.07860508584803987,0.07832006066043032,0.07839518357809484,0.07850344895943491,0.07861392383835333,0.07862055233108844,0.07864264730687212,0.07867799926812602,0.07873102721000687,0.07870672273664481,0.0789387199823735,0.07917955521841569,0.07913757476442668,0.07913978426200505,0.07901605239761642,0.07907791832981073,0.07907791832981073,0.07938061949804723,0.07922595466756142,0.07909117531528094,0.07895197696784373,0.07887022555744409,0.07897849093878415,0.07883045460103345,0.07910222280317279,0.07907570883223236,0.07928561110217737,0.07901163340245967,0.07899395742183273,0.07920165019419938,0.07910443230075115,0.07897186244604903,0.07889232053322777,0.0790801278273891,0.07904698536371357,0.07913094627169158,0.07878626464946609,0.0790801278273891,0.07909780380801605,0.07887906354775756,0.0788834825429143,0.07910885129590789,0.0788901110356494,0.07851228694974838,0.07849240147154306,0.07845704951028917,0.07855205790615902,0.078258194728236,0.07815655783963105,0.07815876733720942,0.07809469190743672,0.07789583712538355,0.07803061647766403,0.0783355271434789,0.0782648232209711,0.0781035298977502,0.07837971709504626,0.07820516678635515,0.07810132040017183,0.07801735949219382,0.07793560808179419,0.07821400477666862,0.07833773664105727,0.07835099362652748,0.07865590429234234,0.07881940711314162,0.07875975067852566,0.07904919486129194,0.07921932617482631,0.07945132342055501,0.07952865583579792,0.0792767731118639,0.07904698536371357,0.0789608149581572,0.07861171434077496,0.07856310539405086,0.07849240147154306,0.07856089589647249,0.07851007745217001,0.07833994613863564,0.07858299087225618,0.07874428419547708,0.07906024234918378,0.07914641275474016,0.07944027593266317,0.07942259995203622,0.07936957201015538,0.07949993236727913,0.07942701894719296,0.07926793512155043,0.07923700215545326,0.07882603560587671,0.07870451323906645,0.07855868639889411,0.07828470869917642,0.07838634558778138,0.07829796568464663,0.0782294712597172,0.07804829245829098,0.07836425061199769,0.07831122267011684,0.07851449644732675,0.0786161333359317,0.07865369479476397,0.07860066685288312,0.07858520036983455,0.07870009424390971,0.07857857187709943,0.07877079816641751,0.07878626464946609,0.07880173113251467,0.07923037366271816,0.07902930938308662,0.0792060691893561,0.07957505528494366,0.0794248094496146,0.07942701894719296,0.07944690442539828,0.0796148262413543,0.07968994915901882,0.07964575920745146,0.07949109437696565,0.07965017820260818,0.07937399100531212,0.07913094627169158,0.0791928122038859,0.07922374516998305,0.07915304124747526,0.07895860546057883,0.07907128983707562,0.07909338481285931,0.07894534847510862,0.0788127786204065,0.0790801278273891,0.07913757476442668,0.07925688763365858,0.07951318935274934,0.07969215865659719,0.07995729836600142,0.07974960559363477,0.07990427042412057,0.08010754420133048,0.0802467425487677,0.08034175094463755,0.08035279843252939,0.08035058893495102,0.0802401140560326,0.08047432079933967,0.08039919788167513,0.08033512245190244,0.0800788207328117,0.08003021178608757,0.08003684027882269,0.07990427042412057,0.07999044082967695,0.08000148831756879,0.08008986822070353,0.07971425363238088,0.07973413911058619,0.07972309162269435,0.07973413911058619,0.07961924523651102,0.07939166698593907,0.07946237090844686,0.07924363064818837,0.07910001330559442,0.07893430098721678,0.07893651048479515,0.07906024234918378,0.079199440696621,0.07944469492781991,0.07951760834790607,0.07953528432853302,0.0795507508115816,0.07983356650161277,0.08008323972796842,0.08022022857782728,0.0802533710415028,0.0799374128877961,0.07991089891685568,0.07978495755488867,0.07973413911058619,0.08002579279093085,0.07999265032725532,0.07993078439506099,0.07968111116870535,0.07977170056941846,0.07976949107184009,0.0800920777182819,0.08028430400759996,0.08049862527270171,0.08076818397726268,0.08079690744578147,0.08080353593851658,0.08078144096273289,0.08114158906800696,0.08116147454621228,0.08098692423752117,0.08086319237313253,0.08081458342640842,0.08090959182227826,0.08073283201600878,0.08059584316614993,0.08057816718552298,0.08095820076900237,0.08088528734891622,0.08071515603538183,0.08136253882584382,0.08156581260305373,0.08161663104735621,0.08170942994564769,0.08188618975191717,0.0820872540315487,0.08228610881360188,0.0819613126695817,0.0821159775000675,0.08216016745163487,0.08215574845647813,0.0821447009685863,0.0821800529298402,0.0819127037228576,0.08180222884393916,0.08186851377129022,0.08206957805092176,0.08258439098668163,0.08284290220335076,0.0832825922214461,0.0833952765979429,0.0837819386741574,0.08404707838356162,0.08452212036291086,0.08514740817758916,0.0855738412102143,0.08571745855280825,0.0859538747936937,0.08568210659155436,0.08597817926705574,0.08601353122830964,0.08607539716050396,0.0864664782318752,0.08650183019312908,0.08645322124640498,0.08652613466649114,0.08672498944854432,0.08670731346791737,0.08710723252960208,0.0870917660465535,0.08702990011435918,0.08693268222091095,0.0868244168395709,0.08701664312888896,0.08733481078017404,0.08725526886735277,0.08716026047148293,0.08715805097390456,0.0870917660465535,0.08685314030808969,0.08724422137946093,0.08730387781407688,0.08740551470268183,0.08736353424869282,0.08720003142789355,0.0872530593697744,0.08729503982376341,0.08731271580439035,0.0873370202777524,0.0876109979774701,0.08734585826806587,0.0875557605380109,0.08743202867362225,0.08757122702105948,0.08744086666393573,0.08740109570752509,0.08716688896421802,0.08711386102233717,0.08704978559256449,0.08696582468458648,0.08719340293515845,0.08731271580439035,0.08740330520510346,0.0873303917850173,0.08738121022931977,0.08737016274142793,0.08794021311664703,0.08782973823772859,0.08806615447861403,0.0881103444301814,0.08819651483573777,0.08823407629457004,0.08825396177277536,0.08830478021707784,0.08808603995681935,0.08805068799556545,0.08793800361906866,0.08806173548345729,0.08815232488417041,0.08794242261422539,0.08796672708758745,0.0878429952231988,0.08772147285638854,0.08780764326194491,0.08813243940596509,0.08847933052576895,0.088377693637164,0.08868039480540049,0.08846386404272037,0.0886229478683629,0.08883947863104302,0.08875772722064339,0.08879749817705403,0.08897204848574514,0.089192998243582,0.08913555130654441,0.08950011840697522,0.08935650106438127,0.08932556809828411,0.08937859604016496,0.0892482356830412,0.08936092005953801,0.08954872735369933,0.0891222943210742,0.08892343953902103,0.08877982219642708,0.08849037801366079,0.08859864339500086,