# R script for Peak Model
#  -- generated by MACS
p <- c(0.04755449891504257,0.05560671022388717,0.06365593425344822,0.07170814556229281,0.07959456287089967,0.07966924485298874,0.07956917099698937,0.07964534661872023,0.07959755015018323,0.07983354521358473,0.07975139503328674,0.07969613036654082,0.07954527276272087,0.07948253989776605,0.07952436180773592,0.07949000809597495,0.07970359856474972,0.07976782506934633,0.07972002860080932,0.07956917099698937,0.07968716852869012,0.07963339750158599,0.0795841073934072,0.07974243319543604,0.07973197771794358,0.07969762400618259,0.07950793177167632,0.0791449773387234,0.07922414023973783,0.07928986038397622,0.07949150173561673,0.07955274096092978,0.0795348172852284,0.07936304872642351,0.07944967982564685,0.0791449773387234,0.0791121172666042,0.07926148123078236,0.0792420639154392,0.07923310207758852,0.07908523175305214,0.078901514077113,0.07892242503209794,0.07867896177048754,0.07861772254517449,0.07901054977096306,0.07916439465406656,0.0792420639154392,0.07910166178911174,0.07903295436558978,0.07905237168093295,0.07915842009549943,0.07926894942899128,0.07957215827627294,0.07957066463663115,0.07968716852869012,0.07956020915913868,0.07940935155531874,0.07960352470875035,0.0795915755916161,0.07935259324893104,0.07942279431209477,0.07942428795173656,0.07929583494254334,0.07932570773537898,0.0792345957172303,0.07927641762720018,0.07921667204152892,0.07890300771675478,0.07888209676176984,0.07893586778887397,0.07883131301394926,0.07869688544618893,0.07864460805872657,0.07871032820296496,0.0787312391579499,0.07866999993263685,0.0788940458789041,0.07913004094230558,0.07917485013155903,0.0793974024381845,0.07938395968140846,0.07946610986170645,0.07949598265454208,0.07952884272666128,0.07927940490648375,0.07936902328499064,0.07940188335710983,0.07926596214970771,0.07929434130290156,0.07931375861824472,0.079161407374783,0.07903444800523156,0.0789911324556199,0.07891495683388904,0.0791285473026638,0.07903295436558978,0.07871929004081564,0.07884027485179995,0.07867597449120398,0.07859083703162242,0.07869987272547248,0.07882235117609858,0.07897768969884386,0.07893736142851576,0.07884326213108352,0.07882683209502392,0.07913601550087271,0.07898963881597812,0.07921069748296179,0.07924057027579742,0.07928537946505088,0.07906432079806719,0.07893885506815754,0.07874318827508416,0.07879098474362116,0.07888956495997874,0.07865954445514438,0.07866551901371151,0.07862369710374162,0.07868941724798001,0.07885073032929242,0.07902548616738088,0.07904789076200759,0.07924057027579742,0.07932122681645364,0.07945266710493042,0.0796408656997949,0.07974840775400317,0.07973496499722714,0.0795751455555565,0.07950046357346742,0.07981412789824156,0.07980367242074908,0.07978724238468948,0.07962891658266064,0.079421300672453,0.07933616321287144,0.07932272045609541,0.07933466957322967,0.0793720105642742,0.07933466957322967,0.0791524455369323,0.07908672539269392,0.07903594164487335,0.07907776355484322,0.07915991373514121,0.07928687310469265,0.07924057027579742,0.07943922434815437,0.0795587155194969,0.07933466957322967,0.07921667204152892,0.07943324978958725,0.07933018865430431,0.07936902328499064,0.07937499784355777,0.07921667204152892,0.07923011479830495,0.07904340984308225,0.07877306106791979,0.07894482962672467,0.0789747024195603,0.0789582723835007,0.07906133351878362,0.07908075083412679,0.07919874836582753,0.07922414023973783,0.07925550667221525,0.07936752964534886,0.079551247321288,0.07961099290695926,0.07958560103304897,0.07937798512284133,0.07938694696069203,0.07934363141108035,0.07909419359090282,0.07901652432953019,0.07911659818552955,0.07898515789705277,0.07910016814946995,0.07918082469012616,0.07934512505072214,0.07951988088881058,0.07955572824021334,0.07958112011412363,0.07968716852869012,0.07975438231257029,0.07960651198803391,0.07954975368164621,0.07933466957322967,0.07926894942899128,0.07909867450982817,0.07904340984308225,0.07923011479830495,0.07918829288833507,0.07930927769931938,0.07949747629418386,0.07964534661872023,0.07983951977215184,0.07995751730385259,0.0800546038805684,0.08023981519614931,0.08030404170074593,0.08002025016880741,0.08002323744809098,0.08004414840307593,0.07987686076319639,0.07985296252892787,0.07966924485298874,0.0798514688892861,0.07976931870898811,0.07978425510540593,0.07970807948367506,0.0799814155381211,0.08001128833095673,0.07994258090743478,0.08015467773656776,0.08022786607901507,0.08058484595340086,0.08046535478205834,0.08061322510659472,0.08065205973728104,0.08072674171937011,0.08070732440402695,0.08082084101680236,0.08091792759351817,0.08077453818790713,0.08048925301632684,0.08035781272785006,0.08054302404343097,0.08059679507053512,0.08068193253011667,0.08077752546719069,0.08064160425978856,0.0804683420613419,0.08035781272785006,0.08045639294420764,0.08093435762957776,0.08078051274647426,0.08061919966516184,0.08046236750277477,0.08037125548462609,0.0803622936467754,0.08025923251149247,0.08045041838564052,0.08052061944880426,0.08058484595340086,0.080378723682835,0.08058932687232621,0.08036976184498432,0.08044444382707339,0.08067297069226598,0.08052659400737137,0.08086266292677224,0.08096721770169696,0.08099111593596546,0.08092091487280172,0.08092688943136885,0.08070881804366874,0.08091643395387638,0.08090000391781678,0.08068043889047488,0.08077304454826534,0.08069089436796735,0.08064309789943035,0.08077453818790713,0.0807521335932804,0.08071479260223587,0.08083727105286195,0.08075063995363863,0.08083129649429482,0.08075810815184753,0.08088357388175718,0.0807924618636085,0.08061173146695293,0.08044743110635695,0.08046236750277477,0.08038320460176035,0.0805489986019981,0.08064459153907212,0.08038021732247679,0.08059082051196799,0.08058932687232621,0.08072674171937011,0.08090597847638391,0.08111210074694977,0.08115392265691965,0.08161695094587194,0.08146908062133557,0.08163338098193154,0.08186638876604947,0.0818395032524974,0.08195301986527281,0.08200380361309338,0.08206803011769,0.08211134566730166,0.08209491563124206,0.08203218276628724,0.0823189615775093,0.08266697961404441,0.0829358347495651,0.08301051673165417,0.08356465703875515,0.08386487860675326,0.08417406201260205,0.0845429910041221,0.08513148502298405,0.08550489493342946,0.0857125108436371,0.08558853875336922,0.08570504264542819,0.08600377057378451,0.08577076278966658,0.08570504264542819,0.08568114441115968,0.08550340129378767,0.0855661341587425,0.0854526175459671,0.08542125111348968,0.08544216206847463,0.08537196100531089,0.08537345464495268,0.08523753343755054,0.0852808489871622,0.08516583873474502,0.08530026630250537,0.08511356134728268,0.08508816947337239,0.08509265039229773,0.08507173943731279,0.08527935534752043,0.08530773450071429,0.08527636806823687,0.08548697125772807,0.08566620801474187,0.08563185430298088,0.08574088999683094,0.08594551862775503,0.08597389778094887,0.0861501472586791,0.08630548578142438,0.08642497695276692,0.08667889569186979,0.08668935116936226,0.08679091866500341,0.08686560064709249,0.08698807909771858,0.0870358755662556,0.08711802574655358,0.08712250666547892,0.08697762362022611,0.08694775082739048,0.08681182961998835,0.086807348701063,0.086759552232526,0.08692833351204732,0.08690294163813703,0.08679390594428697,0.08674013491718284,0.08663109922333277,0.08673117307933215,0.08677448862894381,0.08708815295371795,0.08696866178237542,0.0872300487196872,0.08717777133222485,0.08719121408900088,0.08734207169282082,0.08759599043192369,0.08793803390989167,0.08801122225233898,0.0881232452254726,0.08810382791012944,0.08817552261293496,0.08812473886511438,0.08828605194642679,0.08830248198248639,0.08820240812648703,0.08826514099144185,0.08819045900935277,0.0882039017661288,0.08798583037842869,0.08798732401807047,0.08818448445078564,0.08813668798224863,0.08813220706332328,0.08822182544183019,0.08835326573030697,0.08817701625257673,0.08820688904541236,0.08826962191036719,0.08846080778451523,0.08859822263155914,0.08846827598272415,0.08874011839752839,0.0886101717486934,0.08869381556863316,0.08856386891979817,0.08869979012720029,