# R script for Peak Model
#  -- generated by MACS
p <- c(0.046540121626484174,0.05444649901390736,0.06232293831139538,0.0700279140028911,0.07790163165583956,0.07803227059373846,0.07794789961301209,0.07807037361729231,0.07818468268795385,0.07804315717189671,0.07837519780572308,0.07837791945026264,0.07823095064512638,0.07821734242242857,0.07796422948024945,0.07812752815262308,0.07792068316761648,0.07794517796847253,0.0780975900626879,0.07807581690637143,0.0779887242811055,0.07787169356590438,0.07784447712050879,0.07822278571150769,0.0784432389192121,0.0781329714417022,0.07847862029822637,0.07819012597703297,0.07792340481215604,0.0781193632190044,0.07778732258517802,0.07783086889781099,0.07780093080787581,0.07762130226826483,0.07767301351451647,0.07804587881643626,0.07791523987853737,0.07816563117617692,0.07834253807124836,0.07799961085926374,0.07834253807124836,0.07836431122756483,0.0787181250177077,0.07853033154447803,0.07835070300486703,0.0783942493175,0.07869090857231209,0.07848134194276594,0.07843235234105385,0.07865552719329781,0.07847862029822637,0.07848678523184506,0.07822822900058682,0.07844596056375165,0.07856299127895275,0.07826633202414066,0.07781453903057362,0.07765668364727911,0.07768390009267472,0.07783086889781099,0.07824455886782418,0.0782772186022989,0.07837791945026264,0.07815202295347912,0.07820917748880989,0.07845956878644945,0.07850039345454286,0.0787807228421176,0.07862558910336265,0.07852488825539891,0.07827994024683846,0.07801049743742197,0.07787713685498351,0.07789074507768132,0.07770839489353076,0.07746072524043075,0.0776430754245813,0.077471611818589,0.0775886425337901,0.07738451919332306,0.077471611818589,0.0776158589791857,0.07777371436248022,0.07795062125755164,0.0778580853432066,0.07803227059373846,0.07771928147168901,0.07787441521044396,0.07787985849952307,0.07778732258517802,0.07790979658945824,0.07800505414834286,0.07803227059373846,0.0776920650262934,0.07809486841814835,0.07776827107340109,0.07777643600701978,0.0776648485808978,0.07764851871366044,0.07770839489353076,0.0775342096429989,0.0773409728806901,0.07678031410554063,0.07700621060232415,0.07673404614836811,0.07696266428969119,0.07695177771153296,0.07693000455521647,0.07696266428969119,0.07718039585285603,0.07709602487212966,0.07724299367726592,0.07763763213550219,0.0777818792960989,0.07773833298346593,0.07781998231965274,0.0779397346793934,0.07784992040958791,0.07785264205412747,0.0777056732489912,0.07771383818260988,0.07734913781430879,0.07722938545456812,0.0769898807350868,0.0770034889577846,0.07664151023402306,0.07680208726185712,0.07705792184857581,0.07700621060232415,0.07705247855949669,0.07699260237962635,0.07716406598561866,0.07724843696634504,0.07739812741602087,0.07766757022543735,0.07775194120616373,0.07787713685498351,0.07759680746740878,0.0777056732489912,0.07742534386141647,0.0774580035958912,0.07767573515905604,0.0778363121868901,0.07785264205412747,0.07749610661944505,0.07774377627254504,0.07763218884642308,0.07783086889781099,0.07775466285070329,0.07789618836676043,0.07773561133892637,0.07765940529181867,0.07746889017404944,0.07724571532180548,0.07733552959161098,0.07728109670081977,0.07721577723187031,0.07727021012266153,0.07731647807983405,0.07747977675220769,0.07777099271794065,0.07771383818260988,0.07795878619117033,0.0780839818399901,0.07816563117617692,0.07818468268795385,0.07838608438388132,0.0782636103796011,0.07835614629394616,0.07837247616118352,0.07839152767296044,0.07863103239244176,0.07853305318901758,0.07868818692777253,0.07864464061513957,0.0786283107479022,0.07851672332178022,0.07860925923612529,0.07828266189137802,0.07826633202414066,0.07848678523184506,0.07828266189137802,0.0783125999813132,0.07822278571150769,0.07826633202414066,0.0780023325038033,0.07777099271794065,0.07761858062372527,0.07762402391280439,0.07744439537319339,0.07714501447384174,0.07719128243101427,0.07708513829397141,0.07690550975436042,0.07715317940746043,0.07740629234963955,0.07770839489353076,0.07781726067511319,0.07812480650808351,0.07836975451664396,0.0783398164267088,0.07822278571150769,0.07826633202414066,0.07821734242242857,0.07803499223827802,0.07820101255519121,0.07814930130893956,0.07806493032821318,0.07798328099202637,0.07786897192136483,0.0779397346793934,0.0779533429020912,0.0780023325038033,0.07804043552735714,0.07827177531321979,0.07797783770294725,0.07788530178860219,0.07787713685498351,0.07798055934748681,0.07798328099202637,0.07772744640530768,0.07802138401558022,0.07776827107340109,0.0779125182339978,0.07756414773293406,0.0776648485808978,0.07771111653807032,0.07784175547596922,0.07777643600701978,0.07786625027682527,0.07835886793848572,0.07809214677360879,0.07844051727467254,0.0784704553646077,0.07849222852092418,0.0786010943025066,0.07868274363869342,0.07880521764297363,0.07872901159586594,0.07866097048237693,0.0783125999813132,0.07834798136032747,0.07819012597703297,0.07820645584427033,0.07804587881643626,0.07812208486354395,0.07810575499630659,0.07777371436248022,0.07775194120616373,0.07785536369866702,0.0779397346793934,0.07814385801986044,0.07813569308624176,0.07835342464940659,0.07876167133034066,0.07846229043098901,0.07842690905197473,0.07882426915475056,0.07885965053376484,0.07891952671363517,0.07875622804126155,0.07866641377145606,0.07877800119757802,0.07855482634533408,0.07852216661085934,0.07878888777573627,0.0786147025252044,0.0784214657628956,0.07845140385283077,0.07828810518045715,0.07856026963441319,0.07864736225967912,0.07865824883783737,0.0784976718100033,0.07857932114619011,0.0786283107479022,0.07898756782712418,0.0791862478785121,0.07920257774574946,0.0792624539256198,0.07922979419114506,0.07923795912476375,0.07938220628536045,0.07993470012689123,0.07980950447807145,0.07991020532603518,0.07985577243524399,0.07979317461083409,0.07994830834958903,0.08033478187420662,0.08050080219111981,0.08067498744165168,0.0805497917928319,0.0805906164609253,0.08072669868790333,0.08072125539882422,0.08062055455086048,0.08074302855514069,0.0806396060626374,0.08072125539882422,0.08077568828961543,0.08098797656370114,0.0816030682296418,0.08182624308188577,0.08263457151013523,0.08341568349298908,0.08401172364715283,0.08449345473065503,0.08507588666212097,0.08538887578417043,0.0858107306878023,0.08606656527452099,0.08608017349721879,0.08633872972847703,0.08623258559143418,0.08594681291478033,0.08615093625524736,0.08620809079057813,0.08632239986123967,0.08631695657216056,0.08636050288479352,0.08632512150577923,0.08646936866637595,0.0867061517413177,0.08648842017815286,0.0866925435186199,0.08680685258928143,0.08708990362139572,0.08730763518456057,0.08761518101753091,0.08766689226378255,0.08797443809675289,0.08780025284622102,0.08747093385693419,0.08761518101753091,0.08764511910746607,0.08744643905607816,0.08715794473488474,0.08700008935159023,0.0868993885036265,0.08693749152718035,0.08690483179270561,0.0870708521096188,0.08716610966850342,0.08734301656357485,0.0872504806492298,0.0878356342252353,0.08798532467491113,0.08812685019096828,0.08801254112030674,0.08828470557426278,0.08814045841366608,0.08831464366419794,0.08851876700466497,0.08856503496183751,0.08901410631086498,0.08877732323592323,0.08915563182692213,0.08909303400251224,0.08937608503462653,0.08938697161278478,0.08963191962134522,0.08992041394253862,0.08996668189971116,0.090004784923265,0.08981699145003533,0.08955571357423753,0.08933253872199357,0.08951216726160456,0.08937064174554742,0.08912841538152652,0.08916651840508037,0.0891447452487639,0.0889923331545485,0.08890524052928257,0.08906309591257708,0.08912025044790785,0.08909031235797268,0.08884264270487267,0.0889923331545485,0.08903587946718147,0.08893517861921774,0.08860585962993092,0.08860858127447048,0.0889161271074408,0.0887718799468441,0.0889161271074408,0.08880998297039795,0.08931893049929576,0.08927810583120235,0.08943868285903642,0.08949039410528807,0.08958565166417269,0.08995035203247378,0.08989319749714302,0.08999389834510677,0.09005921781405621,0.09021435155281116,0.09001022821234413,0.0900320013686606,