# R script for Peak Model
#  -- generated by MACS
p <- c(0.04637476146955699,0.05400083335566192,0.061713183867756725,0.06965561071582452,0.07763159036288839,0.07769390270388106,0.07800067115184506,0.07813008909082987,0.07803901720784057,0.07839371822579894,0.07893535626673535,0.07889221695374042,0.07884428438374605,0.07902642814972467,0.07911270677571454,0.07872924621575955,0.07878197204275336,0.07858544850577642,0.07888263043974154,0.07865734736076799,0.07791918578285463,0.07807736326383606,0.07840809799679724,0.077967118352849,0.07778976784386982,0.07824992051581581,0.078273886800813,0.07793356555385293,0.07771786898887825,0.07800067115184506,0.07843685753879387,0.07843685753879387,0.07812529583383043,0.07836016542680287,0.07832181937080737,0.0780821565208355,0.07813008909082987,0.07856627547777868,0.0787100731877618,0.07873403947275899,0.0784033047397978,0.07824512725881637,0.07834578565580455,0.07821636771681975,0.07825471377281525,0.07803422395084113,0.07803901720784057,0.07830264634280962,0.07846561708079049,0.0786333810757708,0.07910312026171566,0.07932840334068922,0.07892576975273648,0.07905039443472185,0.07868131364576518,0.0789018034677393,0.07846082382379105,0.07823074748781805,0.07794794532485125,0.07772745550287713,0.07796232509584956,0.07770828247487938,0.07818760817482312,0.07781852738586643,0.07790959926885575,0.07761241733489063,0.07755489825089738,0.07755010499389794,0.07752134545190131,0.07733440842892327,0.07667773222000034,0.0768407029579812,0.07677839061698852,0.07714267814894576,0.07714267814894576,0.07720019723293901,0.07731523540092551,0.07720499048993845,0.07748299939590582,0.07768910944688164,0.07799108463784618,0.07808694977783494,0.07803422395084113,0.0775692780218957,0.07788563298385856,0.07775621504487375,0.07786166669886138,0.07772745550287713,0.07765076339088613,0.07748299939590582,0.07725292305993282,0.07711391860694913,0.07722895677493563,0.0771474714059452,0.07690780855597333,0.07719061071894014,0.07710912534994971,0.07727209608793058,0.07681673667298403,0.07639972331403297,0.07637096377203634,0.07640451657103241,0.0762750986320476,0.0764428626270279,0.07672566478999471,0.07639493005703353,0.07628468514604647,0.07614568069306278,0.07647162216902452,0.07689342878497502,0.07728168260192946,0.0771858174619407,0.07706598603695476,0.07757886453589456,0.07716664443394296,0.07754051847989907,0.07737275448491876,0.07757407127889514,0.07742548031191257,0.07742548031191257,0.07739672076991595,0.07750696568090301,0.07768910944688164,0.07736316797091988,0.0771474714059452,0.07698929392496377,0.0771474714059452,0.0767496310749919,0.07653872776701665,0.0763661705150369,0.0758149459601016,0.07573346059111116,0.07546503819914267,0.07567114825011848,0.0763661705150369,0.07643327611302903,0.07644765588402734,0.07654352102401608,0.0769557411259677,0.07687425575697727,0.07760283082089175,0.07755489825089738,0.0776986959608805,0.07766993641888388,0.07720978374693789,0.07711391860694913,0.07720019723293901,0.07711391860694913,0.07673045804699415,0.07667773222000034,0.07601626275407797,0.0756232156801241,0.07592519087108866,0.07558486962412861,0.0755704898531303,0.0754314854001466,0.07576701339010723,0.07584370550209822,0.07610254138006785,0.07612650766506503,0.07624154583305152,0.07692218832697165,0.07665376593500314,0.07691260181297277,0.07726730283093114,0.07761721059189007,0.0776076240778912,0.07758845104989344,0.077813734128867,0.07806777674983718,0.07831702611380793,0.07782332064286587,0.07788083972685912,0.07804860372183943,0.07787125321286024,0.0777993543578687,0.07770828247487938,0.07744465333991032,0.07746382636790806,0.07689822204197445,0.07672566478999471,0.07689822204197445,0.07670649176199695,0.07631823794504253,0.07603543578207572,0.07569032127811623,0.07581015270310217,0.07630865143104365,0.0757382538481106,0.0761600604640611,0.07623195931905266,0.0760450222960746,0.0760833683520701,0.07620799303405547,0.07648600194002284,0.07677359735998908,0.07661541987900765,0.07629906491704477,0.07679277038798683,0.07720978374693789,0.07704681300895702,0.07732482191492439,0.0769557411259677,0.07680715015898515,0.07664417942100427,0.0762511323470504,0.07619361326305715,0.07588205155809373,0.07575742687610836,0.0753164472321601,0.07523016860617024,0.07528768769016349,0.07563280219412298,0.07580056618910329,0.0758149459601016,0.07592519087108866,0.0759683301840836,0.07650517496802059,0.07672087153299527,0.07716185117694352,0.0776076240778912,0.07784728692786307,0.07796232509584956,0.07793835881085237,0.07816843514682537,0.07869090015976404,0.07877717878575392,0.07882990461274773,0.07854230919278149,0.07836016542680287,0.07784728692786307,0.07750217242390357,0.07782811389986531,0.07810612280583268,0.07824512725881637,0.07781852738586643,0.07779456110086926,0.07762679710588895,0.0776986959608805,0.07762200384888951,0.07764117687688725,0.07813488234782931,0.07768910944688164,0.07790001275485688,0.07781852738586643,0.07802943069384169,0.07798149812384732,0.07859982827677474,0.07835057891280399,0.07836016542680287,0.07853272267878261,0.07828347331481186,0.07862858781877136,0.07811570931983156,0.07790480601185631,0.0777753880728715,0.07769390270388106,0.07755969150789682,0.07747820613890638,0.07729606237292776,0.077813734128867,0.07761241733489063,0.07727209608793058,0.07736796122791932,0.07755489825089738,0.07763638361988781,0.07787604646985968,0.0776076240778912,0.078197194688822,0.07833619914180567,0.07830264634280962,0.07846561708079049,0.07880593832775054,0.07881552484174942,0.07870048667376292,0.07882990461274773,0.07826430028681412,0.07846561708079049,0.07831702611380793,0.07849916987978656,0.078120502576831,0.07804381046483999,0.07797191160984844,0.078197194688822,0.0786333810757708,0.07871965970176067,0.07943864825167629,0.07882990461274773,0.07882031809874886,0.07885387089774493,0.07898808209372916,0.07924212471469935,0.07919419214470498,0.07933319659768866,0.07868131364576518,0.07862379456177193,0.07814926211882763,0.07860941479077362,0.07919898540170442,0.07935716288268585,0.0797214504146431,0.08001383909160878,0.08053630410454746,0.08083348603851258,0.0822474968533466,0.0830911100852476,0.08422231873711483,0.085243282477995,0.085319974589986,0.08588078565892017,0.0862306934198791,0.08658060118083803,0.08717975830576771,0.08713661899277278,0.08722769087576208,0.08733793578674914,0.08718455156276715,0.08683464380180822,0.08681067751681103,0.08696885499779247,0.08737628184274465,0.08725645041775872,0.08717496504876827,0.08785081428568894,0.08755363235172384,0.08739066161374295,0.08762553120671539,0.0876782570337092,0.08820551530364731,0.08840203884062425,0.08821510181764619,0.08873756683058487,0.0888573982555708,0.08879029265757868,0.08914499367553705,0.08933193069851511,0.08949969469349542,0.09003653947743241,0.08985439571145379,0.08921689253052861,0.08929358464251962,0.0892408588155258,0.08915458018953593,0.08864649494759556,0.08864170169059613,0.08906830156354606,0.08874236008758431,0.08840683209762369,0.08828700067263776,0.08884781174157193,0.08881905219957531,0.08860335563460063,0.0887807061435798,0.08917854647453312,0.08914978693253649,0.08882384545657475,0.08898202293755618,0.08924565207252524,0.08942300258150442,0.08981125639845886,0.08949490143649598,0.08947572840849824,0.08973935754346729,0.08973456428646785,0.09007009227642847,0.09025702929940653,0.09060693706036546,0.09043437980838571,0.09055421123337165,0.0897153912584701,0.09030975512640034,0.09069321568635534,0.09031934164039922,0.09041041352338854,0.0898687754824521,0.08970580474447123,0.08917854647453312,0.08923606555852637,0.08942300258150442,0.0900605057624296,0.0898687754824521,0.08959555983348418,0.08999819342143692,0.0895859733194853,0.08958118006248586,0.0893702767545106,0.08948052166549766,0.08923127230152693,0.0891641667035348,0.08909706110554268,0.0895620070344881,0.08976811708546392,0.08956680029148754,0.09000298667843636,0.09015637090241835,0.09025223604240709,0.09019471695841384,0.09049189889237896,0.09035289443939529,0.09044396632238459,