# R script for Peak Model
#  -- generated by MACS
p <- c(0.04726783737025397,0.05521318992865104,0.0630105939496394,0.07078649382274858,0.07871034223326648,0.07879721899069835,0.07867593559665981,0.07869916007636932,0.07863120696907112,0.07864927045328964,0.0786785160944053,0.07867077460116881,0.07875421069494,0.07893226503937956,0.07880065965435902,0.07868969825130248,0.07886431193208136,0.0789288243757189,0.07894516752810705,0.07892108288248238,0.0788195833044927,0.07866991443525363,0.07864582978962896,0.0785305675569966,0.07861400365076779,0.07872668538565465,0.07862432564174979,0.0785486310412151,0.07848583892940791,0.07851078374094775,0.07853486838657243,0.07862862647132562,0.07860454182570095,0.07852110573192976,0.07850476257954159,0.07829488209624084,0.07826821695287067,0.07826735678695551,0.07828800076891952,0.07827251778244651,0.07827079745061617,0.07820456467514832,0.07826735678695551,0.0783120854145442,0.07829918292581668,0.0784342289744979,0.07833272939650819,0.07840068250380638,0.07841530532436422,0.07832412773735653,0.07819080202050566,0.07823208998443366,0.07810392526307379,0.07811768791771646,0.07809876426758279,0.07809704393575245,0.07827681861202235,0.07810134476532829,0.07799382402593243,0.07806349746506094,0.07811854808363163,0.07814865389066247,0.07820112401148765,0.07823295015034883,0.07835165304664186,0.07830864475088352,0.07814177256334114,0.0781787596976933,0.07827423811427685,0.07819596301599666,0.07818736135684498,0.078238971311755,0.07829316176441052,0.0783507928807267,0.07825961529371901,0.07821574683204549,0.07821402650021515,0.07826563645512517,0.07824757297090666,0.07832670823510203,0.07850218208179609,0.07847551693842592,0.07847809743617142,0.07845831362012257,0.07846949577701974,0.07858389784373694,0.07857787668233078,0.07870518123777548,0.07870776173552098,0.07866131277610197,0.07872496505382433,0.07858819867331278,0.0785383090502331,0.07848841942715341,0.07839724184014572,0.07838433935141821,0.07852368622967526,0.07849616092038991,0.07851250407277809,0.07845917378603774,0.07822520865711233,0.07838519951733337,0.07842820781309173,0.0784626144496984,0.07849444058855959,0.07843594930632823,0.07826047545963417,0.07817445886811748,0.07813575140193496,0.07820800533880899,0.07825789496188867,0.07819510285008148,0.07809790410166761,0.07812542941095296,0.07810736592673445,0.0780359721557756,0.07812284891320746,0.07810908625856479,0.0781452132270018,0.07816327671122031,0.07818134019543882,0.07810736592673445,0.07816241654530515,0.07809704393575245,0.07810650576081929,0.07819424268416632,0.07814091239742597,0.07820456467514832,0.0781400522315108,0.0781323107382743,0.0781323107382743,0.07807726011970362,0.0780385526535211,0.07806091696731544,0.07804285348309693,0.0780411331512666,0.07812800990869846,0.07810478542898895,0.07813661156785014,0.07810650576081929,0.07805833646956994,0.07831294558045936,0.07836197503762388,0.07831810657595036,0.07843250864266756,0.07846691527927424,0.07841272482661872,0.07839552150831539,0.07829058126666502,0.07832756840101719,0.07839208084465471,0.07820972567063933,0.07820456467514832,0.07820284434331799,0.07817789953177814,0.07810650576081929,0.0780566161377396,0.07816069621347481,0.07830606425313802,0.0783430513874902,0.0784471314632254,0.07840326300155188,0.07834735221706604,0.07845143229280123,0.07834391155340537,0.07852454639559042,0.07857787668233078,0.07858819867331278,0.07854174971389376,0.07851164390686292,0.07844197046773439,0.07861830448034363,0.07868281692398114,0.07860798248936161,0.07874044804029733,0.07855809286628193,0.07862346547583463,0.0785331480547421,0.07855723270036677,0.0786320671349863,0.078764532685922,0.07872238455607883,0.07870432107186032,0.07868969825130248,0.07864324929188346,0.07867335509891431,0.07864841028737446,0.07873958787438216,0.07871808372650299,0.07865701194652613,0.07858475800965212,0.07852970739108142,0.07860110116204028,0.07861056298710711,0.07869227874904798,0.07882388413406852,0.07889183724136671,0.07896151068049523,0.07902172229455692,0.07914042519084996,0.07916623016830497,0.07914902685000162,0.0791550480114078,0.07926772974629466,0.07937697081752086,0.07928493306459801,0.07922558161645149,0.07914902685000162,0.07912408203846179,0.07897699366696824,0.07899075632161091,0.07902000196272659,0.07903376461736926,0.07905268826750293,0.07893828620078573,0.07895376918725873,0.07899505715118674,0.07896151068049523,0.0790561289311636,0.0790716119176366,0.07901140030357491,0.07892194304839756,0.07895807001683457,0.07890129906643355,0.07886689242982686,0.0789339853712099,0.07897957416471374,0.07902860362187826,0.0789391463667009,0.07906387042440009,0.07933138202401702,0.07948707205466224,0.07946298740903757,0.07946814840452857,0.07962641893291929,0.07963071976249511,0.07956964798251827,0.07965910523769562,0.079774367470328,0.07983199858664418,0.07957738947575477,0.07965136374445912,0.07977264713849766,0.07985608323226885,0.07986468489142053,0.07989995169394237,0.0798784475460632,0.07986554505733569,0.07981995626383184,0.07987500688240252,0.0799851081195439,0.0798732865505722,0.07979501145229201,0.07989737119619687,0.07986382472550536,0.079805333443274,0.07988274837563904,0.07992661683731254,0.08003671807445391,0.07993349816463388,0.07990855335309403,0.08013477698878295,0.08019928943242047,0.08007370520880609,0.08022337407804514,0.08035067863348985,0.08047368235935873,0.0806044275784641,0.0807136686496903,0.08065259686971345,0.08071710931335097,0.08067152051984712,0.08069302466772629,0.08074979561812731,0.08060012674888827,0.08061302923761576,0.0805708811077726,0.08049604667315306,0.08042637323402455,0.08065603753337411,0.08062421139451294,0.0807085076541993,0.08084269353696534,0.08098720141071339,0.08114547193910411,0.08115235326642545,0.08123320886245114,0.08128395865144598,0.081351051592829,0.08145169100490354,0.08157727522851792,0.08160566070371843,0.08166673248369527,0.08169511795889578,0.08177597355492147,0.08193252375148186,0.08205294697960523,0.08208649345029674,0.08211831958915793,0.08213552290746126,0.0822645477947363,0.0824572249597337,0.08251227557830439,0.08259829216982108,0.08275828303004212,0.08301891330233771,0.08322535312197778,0.08342921244387234,0.08376811781444812,0.08400982443661004,0.08411132401459974,0.08424378956553544,0.08447087336713952,0.08468763517776158,0.08474268579633228,0.08468247418227058,0.0847469866259081,0.08489579532923199,0.08491471897936566,0.08501105756186436,0.0851220189649209,0.08515384510378207,0.08528803098654811,0.08533534011188229,0.08539727205777432,0.08553919943377686,0.08554780109292853,0.08552887744279486,0.08550565296308535,0.08552199611547352,0.08561403386839639,0.08574821975116242,0.08566478365739123,0.08572327493962259,0.08582305418578196,0.08584025750408529,0.08603465500091302,0.0861654002200184,0.08631334875742712,0.08634173423262763,0.08636753921008263,0.0863683993759978,0.08648194127679984,0.08652494957255819,0.08643979314695666,0.08642258982865332,0.08656451720465586,0.0866703176122214,0.0866987030874219,0.08673138939219825,0.08686987610454013,0.08686127444538845,0.08682342714512112,0.08689482091607997,0.08707115492868919,0.0873102810531056,0.08717867566808506,0.08719329848864289,0.08714340886556321,0.0872087814751159,0.0872087814751159,0.08737135283308245,0.08741694162658631,0.08744876776544748,0.08756316983216468,0.08761563995298986,0.08770939803774307,0.08778509263827776,0.08788745238218262,0.0880156171035425,0.08809217186999235,0.08814894282039337,0.08815668431362987,0.0882392602414859,0.08823323908007974,0.08818162912516972,0.08818420962291522,0.08815840464546021,0.08829861168963242,0.08820485360487923,0.08807066772211318,0.08803282042184583,0.08812657850659904,0.08810937518829569,0.08814980298630855,0.08818937061840622,0.08830549301695376,0.0882994718555476,0.0882444212369769,0.0882994718555476,0.08837946728565811,0.08835452247411828,0.08833645898989977,0.08830549301695376,0.08825646355978924,0.08820313327304889,0.08807066772211318,0.08801991793311834,0.08799497312157849,0.08795282499173532,